-8.567803785277874340e-01 -1.295660294305944831e+02
-8.539880904567098696e-01 5.706468763633232300e+01
-8.511742003585140992e-01 1.844698987327753059e+02
-8.482703221478686828e-01 2.736026256615620014e+02
-8.363477028048009743e-01 3.729958245357600788e+01
-8.307414352285604764e-01 -2.224329835021077173e+01
-8.159150266161532272e-01 -1.190913873394539024e+01
-8.131226938415920813e-01 -9.634080819287405006e+01
-8.103086696329455663e-01 1.088238034085975414e+02
-8.074044761696086425e-01 7.373481319072894280e+01
-7.954823508931667675e-01 -6.112363287180677673e+01
-7.926899957668638308e-01 8.325136992937132163e+01
-7.898759045029919434e-01 -1.152615397733702878e+02
-7.869716030062363643e-01 -9.924155003282476173e+01
-7.750496747045190205e-01 4.752563833720913067e+01
-7.722572976921355803e-01 7.466575161485522472e+01
-7.694431389073770333e-01 -1.704217827247500594e+01
-7.665387293772027988e-01 -6.137436810582652669e+01
-7.546169989815325607e-01 9.379532613329466528e+01
-7.518245991517460425e-01 -1.345411275884833628e+02
-7.490103728461008359e-01 -1.727570121343724452e+02
-7.461058557481692333e-01 8.236046303777833089e+01
-7.341843232585461010e-01 1.354783709697215954e+02
-7.285776072504859258e-01 1.464224115803602899e+02
-7.256729816534743804e-01 -1.421588265221318466e+02
-7.137517471870751251e-01 1.427576183907763721e+02
-7.081448411892097283e-01 -5.315041244036144974e+01
-7.052401075587795276e-01 -1.230234135596308676e+02
-6.905265035305774290e-01 -2.131994134968451249e+01
-6.877120751279335309e-01 -1.427725530576129245e+02
-6.848072334640846748e-01 9.091026267449286991e+01
-6.728862951582641472e-01 5.561685440191865837e+01
-6.700937048730111201e-01 7.344579089685332463e+01
-6.672793086009960462e-01 -1.975888522420810034e+01
-6.643743589037285346e-01 -1.767362888438483992e+02
-6.496611064497983534e-01 1.445806045892172733e+02
-6.468464424225430776e-01 1.812021744824754421e+02
-6.320209432466299404e-01 -1.317089696070139553e+02
-6.264137755471210767e-01 1.384188591675439284e+02
-6.235086093173549671e-01 8.297318825012389709e+01
-6.115882675236434807e-01 7.602856778721189812e+01
-6.059809089030068208e-01 -1.094398788840100849e+02
-6.030756341741607685e-01 1.001594793348381529e+02
-5.883630094316458781e-01 -2.308278569268518083e+02
-5.855481419104080487e-01 -2.368149981258893604e+02
-5.826427586824820537e-01 -6.398139522301171667e+01
-5.707229156120092739e-01 -6.378816283303390122e+01
-5.679302107740795691e-01 1.042905772590252411e+02
-5.651154750349860478e-01 2.872882853166558448e+01
-5.502902398890228142e-01 2.054403964124595916e+02
-5.474975113023674567e-01 -1.881988330254547037e+01
-5.446826079252105046e-01 -5.125782667014799898e+01
-5.417770072334633369e-01 1.077922037526768406e+02
-5.298575641660363544e-01 -1.653910067330732829e+02
-5.270649124134934027e-01 -7.183664198728845918e+01
-5.242498404669504453e-01 2.778277483377333965e+02
-5.213442313933001060e-01 -2.245155379175800476e+02
-5.094249880945653786e-01 -8.546067862436058249e+01
-5.066321132902658064e-01 1.426221228115753661e+02
-5.038171731258671571e-01 1.471072151328911559e+02
-5.009113554359601039e-01 -1.391682669837912556e+01
-4.861994138185536940e-01 -1.778102005411952291e+01
-4.833843055504303265e-01 -4.831879933786531467e+01
-4.804783788957820434e-01 -1.656596308972080465e+02
-4.657668144640183527e-01 1.651594161946601389e+02
-4.629515376265089799e-01 1.371370326583854080e+02
-4.600456021242962379e-01 1.692503030583658585e+02
-4.481269604599447121e-01 -1.709338237775304208e+02
-4.453340148751294691e-01 1.091946319387027131e+02
-4.396126255841181774e-01 2.261230787032886269e+02
-4.276941846197814812e-01 -5.256661591801492506e+01
-4.249014155205941279e-01 -9.785901498216009031e+01
-4.220860017786662866e-01 -5.677385348790142672e+01
-4.191797486954556007e-01 -9.770687997900928679e+01
-4.072616090139717926e-01 -6.254339043043621871e+01
-4.044686159317052443e-01 5.496545242555939126e+01
-4.016532333890836526e-01 6.488148139216498578e+01
-3.987469714583085079e-01 -1.994632632321691119e+02
-3.840359164599931319e-01 -4.329846620509947286e+01
-3.812203653479855348e-01 2.413899088000715096e+02
-3.783139939868078727e-01 2.347423550970173665e+02
-3.663961574508221020e-01 -1.141756996492215848e+02
-3.607876966099183846e-01 2.002758283370376091e+02
-3.578811161668227214e-01 -1.593843471354716712e+02
-3.459635813793511261e-01 4.231260444020890077e+00
-3.431705165852463324e-01 1.490991339003766711e+02
-3.403549282203357507e-01 3.995276634349842482e+01
-3.374483384640143413e-01 9.249871672345477691e+01
-3.255309056563646664e-01 1.795344794390807408e+02
-3.199220592479150582e-01 -1.825071744244732770e+02
-3.170153605268524188e-01 -2.511114555181492847e+01
-3.050982299333782066e-01 2.034725013728699992e+02
-3.023052168276763041e-01 6.264345989892561306e+01
-2.994893905098479081e-01 3.300654017812654217e+01
-2.965824822412059802e-01 -5.931751183829714336e+01
-2.846655542103917469e-01 -9.371115125000883950e+01
-2.818724167731261332e-01 -1.144708057724264165e+02
-2.790566211889426995e-01 -1.480720723758821578e+02
-2.761496034898982543e-01 1.638605730232001179e+02
-2.642328780217439999e-01 6.375211511544520704e+01
-2.614397168357527335e-01 2.002519983117512083e+02
-2.586237522165220071e-01 -3.769888550952948947e+01
-2.557167247385905284e-01 -8.415656654625624356e+01
-2.438002022987575401e-01 1.252218772855862028e+02
-2.410070164327180464e-01 -3.970769038841304166e+01
-2.381910830127935697e-01 -5.085337721433269564e+01
-2.352838459872828025e-01 1.393117883561334338e+02
-2.233675265757710804e-01 9.582305715860606199e+01
-2.205743160296833594e-01 -5.978288515162688554e+01
-2.177582131090503026e-01 -1.699242094843622652e+01
-2.148508666531370181e-01 1.933514381551315751e+02
-2.001416160923099596e-01 -3.581046446217151242e+02
-1.973255434396605779e-01 -2.322539149487434713e+02
-1.944180875533447761e-01 -1.354732044217543603e+02
-1.825021751297981609e-01 -1.628529691363178529e+02
-1.797088155720985014e-01 8.263414620657272280e+01
-1.768926740015785981e-01 -3.451906077953648264e+02
-1.739852078707144756e-01 1.520020677214795057e+01
-1.620693992896349300e-01 -1.461404131453125643e+01
-1.592762148205792982e-01 -1.537723997481199660e+02
-1.564599037493508149e-01 -2.614459783059075448e+02
-1.535522285365686912e-01 -1.713101232317937388e+02
-1.416368236838252415e-01 -1.961493750579634820e+02
-1.388435144175446112e-01 -2.501135105789087447e+02
-1.331193483882771034e-01 -4.295879249412992635e+02
-1.212041479608387817e-01 -1.671678222999739489e+02
-1.184107138973331530e-01 -2.756410236294248648e+02
-1.155944638277333070e-01 -3.488783428218233666e+02
-1.126865683571622867e-01 -4.042881106880446964e+02
-1.007713721206755508e-01 -1.725962887805243611e+02
-9.797801302863717865e-02 -3.214195240051065525e+02
-9.516159345832875260e-02 -9.467215029768105694e+01
-9.225358762603264040e-02 -2.791043817336191637e+02
-8.033879604920457496e-02 -2.011246298576629954e+02
-7.754541227711797546e-02 -1.171478933537084544e+02
-7.472882274043968209e-02 1.095498622769586206e+02
-7.182070701207976526e-02 -1.768682484991623767e+02
-5.990612032621811522e-02 -1.369065505903988083e+02
-5.711261175690651726e-02 -1.441609655925546463e+02
-5.429615213972738275e-02 -3.249631875755776491e+02
-5.138782639812689013e-02 -3.251818845796394726e+02
-3.947344460323165549e-02 -4.135878249411639729e+01
-3.667991042254925560e-02 8.112574034302433290e+01
-3.386328130466154107e-02 -1.129187903774475643e+02
-3.095494531851272768e-02 -1.781769919141362664e+02
-1.624730967103005241e-02 -3.568745442805720813e+02
-1.052206423889856524e-02 -3.540238606347667627e+01
1.391906842741263972e-03 -4.841006789515489572e+02
4.185491314842693100e-03 -9.479380299881600536e+01
7.002360713954658422e-03 -5.880221781995320640e+01
9.910817306376884517e-03 -1.662291633343082538e+02
2.182458256572772370e-02 -2.375308144821897258e+02
2.461819264919995476e-02 -2.350216989790432365e+02
2.743503224598953238e-02 -2.241296127210023883e+02
3.034369885165233427e-02 -2.932089438549834313e+02
4.225725828871418344e-02 -2.169728789896963121e+02
4.505099363507270027e-02 -2.406547628674982064e+01
4.786780342953989020e-02 -8.931862746763829364e+01
5.077658086258907133e-02 -7.197313094797763711e+01
6.268993401170064317e-02 -1.032408954106944776e+02
6.548359531791447807e-02 -4.714388821380754990e+01
6.830067519592830649e-02 -1.394269547787541228e+02
7.120946287352580839e-02 -6.374622234339710758e+01
8.312260973468710290e-02 -1.032813362161766406e+02
8.591629665227173973e-02 -1.007516358061400013e+02
8.873334672796318046e-02 -2.202459312392601873e+02
9.164234488446254545e-02 -3.072830459570629955e+02
1.035553855748503338e-01 -2.905174339676852355e+02
1.063489979866290014e-01 -3.661607601040950613e+02
1.091661183771748256e-01 -7.366472321990170258e+01
1.120752273610605698e-01 -1.928383511159426007e+02
1.239879611806600224e-01 -1.738752911298879837e+02
1.267816993209862630e-01 -2.126392907398910666e+02
1.295989906092245292e-01 -8.353277224426580005e+01
1.444206369036464821e-01 -7.111326071840284158e+01
1.472144011210048120e-01 -2.399476787339205259e+02
1.500316626069206905e-01 -2.237970797602795301e+02
1.529409932455791932e-01 -7.484527454049150208e+01
1.648532125094561707e-01 -1.906464785672579296e+02
1.676471029210233610e-01 -7.824367317466052896e+01
1.704645348389703940e-01 -4.611114290857809692e+02
1.733739763050152760e-01 9.977596356725015880e+01
1.852859883496194016e-01 -1.697157201547838667e+02
1.880798047210419099e-01 2.434632695682559245e+02
1.908973074195046138e-01 -1.676726564540098536e+02
1.938067595957591038e-01 -2.072755254000080356e+02
2.057186640726058613e-01 -2.609310635010020292e+02
2.085124064038836877e-01 2.318173855075933432e+01
2.113299798828620624e-01 -6.164438125144666714e+01
2.142396430036797028e-01 5.391991442227350717e+00
2.289452083210790079e-01 1.226780240459746096e+02
2.317628525805730533e-01 -3.064940672115046283e+01
2.346726269944383603e-01 3.022688554543684347e+01
2.493779101210975568e-01 4.984272964048130916e+01
2.551054107508434754e-01 3.715950519134203489e+01
2.670166907759039532e-01 -9.544986155429756991e+01
2.698107125039541643e-01 -1.163879520227339981e+01
2.726282985557872962e-01 1.389394884276917708e+01
2.755382950900866490e-01 3.382137565788312372e+01
2.874492668473749291e-01 4.130934474644298859e+01
2.902433146524572294e-01 9.026589003124918520e+01
2.930611717191595744e-01 2.568440764871837700e+01
2.959712795465065938e-01 5.665119978570665182e+01
3.078820422218768726e-01 -9.510921650723869902e+01
3.106760164524757784e-01 -2.758562686239196751e+02
3.134939452310163688e-01 4.844333727205274442e+01
3.164040642342342835e-01 7.701603751653074426e+01
3.283147179448633324e-01 -1.526371914486457513e+02
3.311088188353323858e-01 -8.124813849375023267e+00
3.339267187428731631e-01 -4.435433681437839226e+01
3.368370486906542283e-01 2.038830835815463729e+02
3.487473936678497921e-01 5.310071655229009480e+01
3.515414214494967382e-01 1.363221476058384951e+01
3.543594922547299575e-01 -5.772118081071031526e+01
3.572699339612199765e-01 -1.742804468632952535e+02
3.691799692736594807e-01 -6.855268031669137940e+01
3.719741237151765745e-01 1.307259016933848272e+02
3.747922662322480392e-01 8.960180302319820100e+01
3.777027191146089535e-01 1.454994531213671394e+01
3.896127451138227116e-01 -8.515063466363326938e+01
3.924069265636944692e-01 8.762329771894172836e+01
3.952251398612816047e-01 2.931088777979873328e+01
3.981357045023514729e-01 4.467052332852716745e+02
4.100454208368091713e-01 3.464583670842458218e+01
4.128396288293743055e-01 1.190991484254499966e+02
4.156578141872842025e-01 -2.256611132330776854e+02
4.185685902385785084e-01 -2.015649782527439982e+02
4.304779964426188599e-01 1.123227577450869319e+02
4.332722314435386579e-01 -1.636139358534016708e+02
4.360905881648022842e-01 4.427993370881289081e+01
4.509107722827820908e-01 -6.533872566250042269e+01
4.537050342920565527e-01 -7.448797267994855531e+01
4.565233626079816531e-01 2.100995090685842115e+02
4.594343621766938668e-01 -3.449440551694937795e+01
4.713434480057685505e-01 -3.273502133027683669e+01
4.741377374890589635e-01 5.867694184980010164e+01
4.798672483785821896e-01 -1.472934767966505092e+02
4.917760236115782391e-01 3.943735741063214562e+01
4.945704402204000871e-01 2.573771190261808783e+01
4.973889119600016784e-01 1.207497363349130381e+02
5.003001350461317998e-01 1.426017417121005906e+02
5.122087994517414700e-01 -2.933478511557563451e+01
5.150031429517412107e-01 1.485743749052303997e+01
5.178217869860191058e-01 -1.072244383586440364e+02
5.207330217136814099e-01 3.776353422701994589e+01
5.326414751747279297e-01 -1.653231814565669993e+02
5.354358461487436216e-01 -1.243128170514973192e+02
5.382544617776829909e-01 6.433170669573051725e+01
5.411659088468923073e-01 -1.685359706868894136e+02
5.530740507805376183e-01 8.996042281350646874e+01
5.558686494629228037e-01 9.157317027774780627e+01
5.586872371521849345e-01 1.446951479182612275e+02
5.735067265035240780e-01 2.264131086351372915e+02
5.763012525427484434e-01 4.041739790583420699e+01
5.820317832304908734e-01 -1.425804994559243255e+02
5.939395018780260216e-01 -9.913971214381422215e+01
5.967339557397508543e-01 -5.818473243313082577e+01
5.995527874355275344e-01 -2.446378867237974930e+01
6.024645707121862870e-01 9.990221945699317985e+00
6.143720779494969975e-01 1.138026203848507834e+02
6.171667590539300363e-01 -8.038598904314130777e+01
6.199856633928675365e-01 4.535896928148375196e+01
6.228975588938965302e-01 -1.225814080640930115e+01
6.348047536724834572e-01 9.010577165069477701e+00
6.404184387673694800e-01 -1.383041343341329252e+02
6.433304464927687150e-01 8.838945363143224654e+01
6.552374289298086296e-01 6.805776758000980919e+01
6.580320662620806615e-01 -3.719644018784773465e+01
6.608511149560172271e-01 -2.702605387938650239e+01
6.637632349057867032e-01 -1.103319501650767904e+02
6.756701046527950894e-01 3.309411868035461168e+01
6.784648700419211309e-01 5.316518013098736617e+01
6.812839909133572291e-01 6.644030897873243191e+01
6.841962235531582337e-01 1.120573515513978435e+02
6.961027803757815491e-01 6.362014808303229074e+01
6.988974735874080579e-01 -1.474647476796819774e+02
7.017167672191817474e-01 -4.112521505239552511e+01
7.046291120833529931e-01 2.347142011642766590e+02
7.165355562159447800e-01 -1.222654852939264458e+01
7.193302773672485273e-01 -2.132583179543789811e+02
7.221494434078294944e-01 1.635176497574164500e+02
7.250620010792090397e-01 -6.550240548852670486e+00
7.397628813783967416e-01 1.055665390137239257e+02
7.425823198308307838e-01 -7.833072572016597235e+00
7.454948900750650864e-01 -3.517090975346803816e+01
7.574008075447409283e-01 -2.352081102353631366e+02
7.601955850410604398e-01 -9.857661973933230115e+01
7.630150966023165893e-01 1.420037336874457878e+02
7.659276794194056492e-01 3.316653475415876073e+01
7.778333831505506168e-01 -5.447772625333247021e+01
7.806283892865621965e-01 -5.157346226059011940e+01
7.834479734909791659e-01 2.609743998791547028e+02
7.863606689980997544e-01 -1.581176178563348174e+02
7.982661589907138477e-01 1.665974681070991892e+02
8.010610934148871820e-01 3.676811464869977897e+01
8.038806501452882003e-01 7.355461630043080845e+01
8.067935584596170884e-01 -6.638663864566574091e+01
8.186988347137003075e-01 3.818312698382619601e+02
8.214936974260353963e-01 1.374115477739135258e+02
8.243134273824352931e-01 -3.355622882939002238e+01
8.272263482696189385e-01 1.824615191825529337e+00
8.391315104366867672e-01 2.387287582461539159e+02
8.419265016715371530e-01 -1.169006587975474076e+02
8.447463047367591571e-01 -8.696179149392247609e+01
8.476593387796356183e-01 -1.312855295505510753e+02
8.595641861596732269e-01 5.683020324220855457e+01
8.623591061483466547e-01 -1.037573691865523244e+02
