-8.567803785277874340e-01 9.998704339705694055e-01
-8.539880904567098696e-01 1.000057064687636332e+00
-8.511742003585140992e-01 1.000184469898732775e+00
-8.482703221478686828e-01 1.000273602625661562e+00
-8.363477028048009743e-01 1.000037299582453576e+00
-8.307414352285604764e-01 9.999777567016497892e-01
-8.159150266161532272e-01 9.999880908612660546e-01
-8.131226938415920813e-01 9.999036591918071259e-01
-8.103086696329455663e-01 1.000108823803408598e+00
-8.074044761696086425e-01 1.000073734813190729e+00
-7.954823508931667675e-01 9.999388763671281932e-01
-7.926899957668638308e-01 1.000083251369929371e+00
-7.898759045029919434e-01 9.998847384602266297e-01
-7.869716030062363643e-01 9.999007584499671752e-01
-7.750496747045190205e-01 1.000047525638337209e+00
-7.722572976921355803e-01 1.000074665751614855e+00
-7.694431389073770333e-01 9.999829578217275250e-01
-7.665387293772027988e-01 9.999386256318941735e-01
-7.546169989815325607e-01 1.000093795326133295e+00
-7.518245991517460425e-01 9.998654588724115166e-01
-7.490103728461008359e-01 9.998272429878656276e-01
-7.461058557481692333e-01 1.000082360463037778e+00
-7.341843232585461010e-01 1.000135478370969722e+00
-7.285776072504859258e-01 1.000146422411580360e+00
-7.256729816534743804e-01 9.998578411734778681e-01
-7.137517471870751251e-01 1.000142757618390776e+00
-7.081448411892097283e-01 9.999468495875596386e-01
-7.052401075587795276e-01 9.998769765864403691e-01
-6.905265035305774290e-01 9.999786800586503155e-01
-6.877120751279335309e-01 9.998572274469423871e-01
-6.848072334640846748e-01 1.000090910262674493e+00
-6.728862951582641472e-01 1.000055616854401919e+00
-6.700937048730111201e-01 1.000073445790896853e+00
-6.672793086009960462e-01 9.999802411147757919e-01
-6.643743589037285346e-01 9.998232637111561516e-01
-6.496611064497983534e-01 1.000144580604589217e+00
-6.468464424225430776e-01 1.000181202174482475e+00
-6.320209432466299404e-01 9.998682910303929861e-01
-6.264137755471210767e-01 1.000138418859167544e+00
-6.235086093173549671e-01 1.000082973188250124e+00
-6.115882675236434807e-01 1.000076028567787212e+00
-6.059809089030068208e-01 9.998905601211159899e-01
-6.030756341741607685e-01 1.000100159479334838e+00
-5.883630094316458781e-01 9.997691721430731482e-01
-5.855481419104080487e-01 9.997631850018741106e-01
-5.826427586824820537e-01 9.999360186047769883e-01
-5.707229156120092739e-01 9.999362118371669661e-01
-5.679302107740795691e-01 1.000104290577259025e+00
-5.651154750349860478e-01 1.000028728828531666e+00
-5.502902398890228142e-01 1.000205440396412460e+00
-5.474975113023674567e-01 9.999811801166974545e-01
-5.446826079252105046e-01 9.999487421733298520e-01
-5.417770072334633369e-01 1.000107792203752677e+00
-5.298575641660363544e-01 9.998346089932669267e-01
-5.270649124134934027e-01 9.999281633580127115e-01
-5.242498404669504453e-01 1.000277827748337733e+00
-5.213442313933001060e-01 9.997754844620824199e-01
-5.094249880945653786e-01 9.999145393213756394e-01
-5.066321132902658064e-01 1.000142622122811575e+00
-5.038171731258671571e-01 1.000147107215132891e+00
-5.009113554359601039e-01 9.999860831733016209e-01
-4.861994138185536940e-01 9.999822189799458805e-01
-4.833843055504303265e-01 9.999516812006621347e-01
-4.804783788957820434e-01 9.998343403691027920e-01
-4.657668144640183527e-01 1.000165159416194660e+00
-4.629515376265089799e-01 1.000137137032658385e+00
-4.600456021242962379e-01 1.000169250303058366e+00
-4.481269604599447121e-01 9.998290661762224696e-01
-4.453340148751294691e-01 1.000109194631938703e+00
-4.396126255841181774e-01 1.000226123078703289e+00
-4.276941846197814812e-01 9.999474333840819851e-01
-4.249014155205941279e-01 9.999021409850178399e-01
-4.220860017786662866e-01 9.999432261465120986e-01
-4.191797486954556007e-01 9.999022931200209907e-01
-4.072616090139717926e-01 9.999374566095695638e-01
-4.044686159317052443e-01 1.000054965452425559e+00
-4.016532333890836526e-01 1.000064881481392165e+00
-3.987469714583085079e-01 9.998005367367678309e-01
-3.840359164599931319e-01 9.999567015337949005e-01
-3.812203653479855348e-01 1.000241389908800071e+00
-3.783139939868078727e-01 1.000234742355097017e+00
-3.663961574508221020e-01 9.998858243003507784e-01
-3.607876966099183846e-01 1.000200275828337038e+00
-3.578811161668227214e-01 9.998406156528645283e-01
-3.459635813793511261e-01 1.000004231260444021e+00
-3.431705165852463324e-01 1.000149099133900377e+00
-3.403549282203357507e-01 1.000039952766343498e+00
-3.374483384640143413e-01 1.000092498716723455e+00
-3.255309056563646664e-01 1.000179534479439081e+00
-3.199220592479150582e-01 9.998174928255755267e-01
-3.170153605268524188e-01 9.999748888544481851e-01
-3.050982299333782066e-01 1.000203472501372870e+00
-3.023052168276763041e-01 1.000062643459898926e+00
-2.994893905098479081e-01 1.000033006540178127e+00
-2.965824822412059802e-01 9.999406824881617029e-01
-2.846655542103917469e-01 9.999062888487499912e-01
-2.818724167731261332e-01 9.998855291942275736e-01
-2.790566211889426995e-01 9.998519279276241178e-01
-2.761496034898982543e-01 1.000163860573023200e+00
-2.642328780217439999e-01 1.000063752115115445e+00
-2.614397168357527335e-01 1.000200251998311751e+00
-2.586237522165220071e-01 9.999623011144904705e-01
-2.557167247385905284e-01 9.999158434334537437e-01
-2.438002022987575401e-01 1.000125221877285586e+00
-2.410070164327180464e-01 9.999602923096115870e-01
-2.381910830127935697e-01 9.999491466227856673e-01
-2.352838459872828025e-01 1.000139311788356133e+00
-2.233675265757710804e-01 1.000095823057158606e+00
-2.205743160296833594e-01 9.999402171148483731e-01
-2.177582131090503026e-01 9.999830075790515638e-01
-2.148508666531370181e-01 1.000193351438155132e+00
-2.001416160923099596e-01 9.996418953553782849e-01
-1.973255434396605779e-01 9.997677460850512565e-01
-1.944180875533447761e-01 9.998645267955782456e-01
-1.825021751297981609e-01 9.998371470308636821e-01
-1.797088155720985014e-01 1.000082634146206573e+00
-1.768926740015785981e-01 9.996548093922046352e-01
-1.739852078707144756e-01 1.000015200206772148e+00
-1.620693992896349300e-01 9.999853859586854687e-01
-1.592762148205792982e-01 9.998462276002518800e-01
-1.564599037493508149e-01 9.997385540216940925e-01
-1.535522285365686912e-01 9.998286898767682063e-01
-1.416368236838252415e-01 9.998038506249420365e-01
-1.388435144175446112e-01 9.997498864894210913e-01
-1.331193483882771034e-01 9.995704120750587007e-01
-1.212041479608387817e-01 9.998328321777000260e-01
-1.184107138973331530e-01 9.997243589763705751e-01
-1.155944638277333070e-01 9.996511216571781766e-01
-1.126865683571622867e-01 9.995957118893119553e-01
-1.007713721206755508e-01 9.998274037112194756e-01
-9.797801302863717865e-02 9.996785804759948935e-01
-9.516159345832875260e-02 9.999053278497023189e-01
-9.225358762603264040e-02 9.997208956182663808e-01
-8.033879604920457496e-02 9.997988753701423370e-01
-7.754541227711797546e-02 9.998828521066462915e-01
-7.472882274043968209e-02 1.000109549862276959e+00
-7.182070701207976526e-02 9.998231317515008376e-01
-5.990612032621811522e-02 9.998630934494096012e-01
-5.711261175690651726e-02 9.998558390344074454e-01
-5.429615213972738275e-02 9.996750368124244224e-01
-5.138782639812689013e-02 9.996748181154203605e-01
-3.947344460323165549e-02 9.999586412175058836e-01
-3.667991042254925560e-02 1.000081125740343024e+00
-3.386328130466154107e-02 9.998870812096225524e-01
-3.095494531851272768e-02 9.998218230080858637e-01
-1.624730967103005241e-02 9.996431254557194279e-01
-1.052206423889856524e-02 9.999645976139365233e-01
1.391906842741263972e-03 9.995158993210484510e-01
4.185491314842693100e-03 9.999052061970011840e-01
7.002360713954658422e-03 9.999411977821800468e-01
9.910817306376884517e-03 9.998337708366656917e-01
2.182458256572772370e-02 9.997624691855178103e-01
2.461819264919995476e-02 9.997649783010209568e-01
2.743503224598953238e-02 9.997758703872789976e-01
3.034369885165233427e-02 9.997067910561450166e-01
4.225725828871418344e-02 9.997830271210103037e-01
4.505099363507270027e-02 9.999759345237132502e-01
4.786780342953989020e-02 9.999106813725323617e-01
5.077658086258907133e-02 9.999280268690520224e-01
6.268993401170064317e-02 9.998967591045893055e-01
6.548359531791447807e-02 9.999528561117861925e-01
6.830067519592830649e-02 9.998605730452212459e-01
7.120946287352580839e-02 9.999362537776566029e-01
8.312260973468710290e-02 9.998967186637838234e-01
8.591629665227173973e-02 9.998992483641938600e-01
8.873334672796318046e-02 9.997797540687607398e-01
9.164234488446254545e-02 9.996927169540429370e-01
1.035553855748503338e-01 9.997094825660323147e-01
1.063489979866290014e-01 9.996338392398959050e-01
1.091661183771748256e-01 9.999263352767800983e-01
1.120752273610605698e-01 9.998071616488840574e-01
1.239879611806600224e-01 9.998261247088701120e-01
1.267816993209862630e-01 9.997873607092601089e-01
1.295989906092245292e-01 9.999164672277557342e-01
1.444206369036464821e-01 9.999288867392815972e-01
1.472144011210048120e-01 9.997600523212660795e-01
1.500316626069206905e-01 9.997762029202397205e-01
1.529409932455791932e-01 9.999251547254595085e-01
1.648532125094561707e-01 9.998093535214327421e-01
1.676471029210233610e-01 9.999217563268253395e-01
1.704645348389703940e-01 9.995388885709142190e-01
1.733739763050152760e-01 1.000099775963567250e+00
1.852859883496194016e-01 9.998302842798452161e-01
1.880798047210419099e-01 1.000243463269568256e+00
1.908973074195046138e-01 9.998323273435459901e-01
1.938067595957591038e-01 9.997927244745999920e-01
2.057186640726058613e-01 9.997390689364989980e-01
2.085124064038836877e-01 1.000023181738550759e+00
2.113299798828620624e-01 9.999383556187485533e-01
2.142396430036797028e-01 1.000005391991442227e+00
2.289452083210790079e-01 1.000122678024045975e+00
2.317628525805730533e-01 9.999693505932788495e-01
2.346726269944383603e-01 1.000030226885545437e+00
2.493779101210975568e-01 1.000049842729640481e+00
2.551054107508434754e-01 1.000037159505191342e+00
2.670166907759039532e-01 9.999045501384457024e-01
2.698107125039541643e-01 9.999883612047977266e-01
2.726282985557872962e-01 1.000013893948842769e+00
2.755382950900866490e-01 1.000033821375657883e+00
2.874492668473749291e-01 1.000041309344746443e+00
2.902433146524572294e-01 1.000090265890031249e+00
2.930611717191595744e-01 1.000025684407648718e+00
2.959712795465065938e-01 1.000056651199785707e+00
3.078820422218768726e-01 9.999048907834927613e-01
3.106760164524757784e-01 9.997241437313760803e-01
3.134939452310163688e-01 1.000048443337272053e+00
3.164040642342342835e-01 1.000077016037516531e+00
3.283147179448633324e-01 9.998473628085513543e-01
3.311088188353323858e-01 9.999918751861506250e-01
3.339267187428731631e-01 9.999556456631856216e-01
3.368370486906542283e-01 1.000203883083581546e+00
3.487473936678497921e-01 1.000053100716552290e+00
3.515414214494967382e-01 1.000013632214760584e+00
3.543594922547299575e-01 9.999422788191892897e-01
3.572699339612199765e-01 9.998257195531367048e-01
3.691799692736594807e-01 9.999314473196833086e-01
3.719741237151765745e-01 1.000130725901693385e+00
3.747922662322480392e-01 1.000089601803023198e+00
3.777027191146089535e-01 1.000014549945312137e+00
3.896127451138227116e-01 9.999148493653363667e-01
3.924069265636944692e-01 1.000087623297718942e+00
3.952251398612816047e-01 1.000029310887779799e+00
3.981357045023514729e-01 1.000446705233285272e+00
4.100454208368091713e-01 1.000034645836708425e+00
4.128396288293743055e-01 1.000119099148425450e+00
4.156578141872842025e-01 9.997743388867669223e-01
4.185685902385785084e-01 9.997984350217472560e-01
4.304779964426188599e-01 1.000112322757745087e+00
4.332722314435386579e-01 9.998363860641465983e-01
4.360905881648022842e-01 1.000044279933708813e+00
4.509107722827820908e-01 9.999346612743374996e-01
4.537050342920565527e-01 9.999255120273200514e-01
4.565233626079816531e-01 1.000210099509068584e+00
4.594343621766938668e-01 9.999655055944830506e-01
4.713434480057685505e-01 9.999672649786697232e-01
4.741377374890589635e-01 1.000058676941849800e+00
4.798672483785821896e-01 9.998527065232033495e-01
4.917760236115782391e-01 1.000039437357410632e+00
4.945704402204000871e-01 1.000025737711902618e+00
4.973889119600016784e-01 1.000120749736334913e+00
5.003001350461317998e-01 1.000142601741712101e+00
5.122087994517414700e-01 9.999706652148844244e-01
5.150031429517412107e-01 1.000014857437490523e+00
5.178217869860191058e-01 9.998927755616413560e-01
5.207330217136814099e-01 1.000037763534227020e+00
5.326414751747279297e-01 9.998346768185434330e-01
5.354358461487436216e-01 9.998756871829485027e-01
5.382544617776829909e-01 1.000064331706695731e+00
5.411659088468923073e-01 9.998314640293131106e-01
5.530740507805376183e-01 1.000089960422813506e+00
5.558686494629228037e-01 1.000091573170277748e+00
5.586872371521849345e-01 1.000144695147918261e+00
5.735067265035240780e-01 1.000226413108635137e+00
5.763012525427484434e-01 1.000040417397905834e+00
5.820317832304908734e-01 9.998574195005440757e-01
5.939395018780260216e-01 9.999008602878561858e-01
5.967339557397508543e-01 9.999418152675668692e-01
5.995527874355275344e-01 9.999755362113276203e-01
6.024645707121862870e-01 1.000009990221945699e+00
6.143720779494969975e-01 1.000113802620384851e+00
6.171667590539300363e-01 9.999196140109568587e-01
6.199856633928675365e-01 1.000045358969281484e+00
6.228975588938965302e-01 9.999877418591935907e-01
6.348047536724834572e-01 1.000009010577165069e+00
6.404184387673694800e-01 9.998616958656658671e-01
6.433304464927687150e-01 1.000088389453631432e+00
6.552374289298086296e-01 1.000068057767580010e+00
6.580320662620806615e-01 9.999628035598121523e-01
6.608511149560172271e-01 9.999729739461206135e-01
6.637632349057867032e-01 9.998896680498349232e-01
6.756701046527950894e-01 1.000033094118680355e+00
6.784648700419211309e-01 1.000053165180130987e+00
6.812839909133572291e-01 1.000066440308978732e+00
6.841962235531582337e-01 1.000112057351551398e+00
6.961027803757815491e-01 1.000063620148083032e+00
6.988974735874080579e-01 9.998525352523203180e-01
7.017167672191817474e-01 9.999588747849476045e-01
7.046291120833529931e-01 1.000234714201164277e+00
7.165355562159447800e-01 9.999877734514706074e-01
7.193302773672485273e-01 9.997867416820456210e-01
7.221494434078294944e-01 1.000163517649757416e+00
7.250620010792090397e-01 9.999934497594511473e-01
7.397628813783967416e-01 1.000105566539013724e+00
7.425823198308307838e-01 9.999921669274279834e-01
7.454948900750650864e-01 9.999648290902465320e-01
7.574008075447409283e-01 9.997647918897646369e-01
7.601955850410604398e-01 9.999014233802606677e-01
7.630150966023165893e-01 1.000142003733687446e+00
7.659276794194056492e-01 1.000033166534754159e+00
7.778333831505506168e-01 9.999455222737466675e-01
7.806283892865621965e-01 9.999484265377394099e-01
7.834479734909791659e-01 1.000260974399879155e+00
7.863606689980997544e-01 9.998418823821436652e-01
7.982661589907138477e-01 1.000166597468107099e+00
8.010610934148871820e-01 1.000036768114648700e+00
8.038806501452882003e-01 1.000073554616300431e+00
8.067935584596170884e-01 9.999336133613543343e-01
8.186988347137003075e-01 1.000381831269838262e+00
8.214936974260353963e-01 1.000137411547773914e+00
8.243134273824352931e-01 9.999664437711706100e-01
8.272263482696189385e-01 1.000001824615191826e+00
8.391315104366867672e-01 1.000238728758246154e+00
8.419265016715371530e-01 9.998830993412024526e-01
8.447463047367591571e-01 9.999130382085060775e-01
8.476593387796356183e-01 9.998687144704494489e-01
8.595641861596732269e-01 1.000056830203242209e+00
8.623591061483466547e-01 9.998962426308134477e-01
