# ID RA(J2000) DEC(J2000) Z E_Z
         110   62.6338355  -30.6275146  0.17791334  0.00025667
         646   61.3013679  -29.9252978  0.05393667  0.00032667
         442   61.5438278  -29.8543655  0.10223334  0.00036000
         362   61.5108002  -31.4187482  0.05936000  0.00020000
         747   61.3549056  -31.3935505  0.04076667  0.00017667
         748   61.1992485  -30.5225514  0.12749666  0.00026333
         266   59.5263134  -30.4411777  0.08462667  0.00030333
         300   61.2631401  -30.3425000  0.10800000  0.00017333
         265   60.1112948  -31.3125321  0.15046000  0.00012000
         681   62.9040500  -31.4585200  0.01124333  0.00025333
         710   62.1303300  -30.9961200  0.06277667  0.00015333
         810   62.4444700  -30.5996100  0.11038333  0.00035667
         254   61.7867300  -30.5528400  0.07050667  0.00004333
         790   62.5266501  -29.7415694  0.14116667  0.00033333
         453   61.3924222  -31.2934513  0.12765333  0.00039333
         187   62.8008300  -31.0115000  0.10673334  0.00018333
         595   62.2126251  -31.6333468  0.04190333  0.00021333
         292   59.3097431  -30.8481310  0.07531333  0.00036667
         593   61.7858465  -29.9146495  0.22723334  0.00013000
         575   59.7512376  -31.3370916  0.05810000  0.00018667
         753   59.3791460  -31.6389505  0.17477667  0.00020333
         633   62.0851123  -30.5647087  0.17315666  0.00021667
          17   60.0579200  -30.2454800  0.06710666  0.00045333
         799   59.4625500  -30.1369300  0.09857666  0.00009667
         619   62.2833500  -30.3605600  0.06923334  0.00033000
         387   61.6670400  -31.3600300  0.07432000  0.00012667
         257   62.9371861  -30.9012294  0.17558999  0.00021667
         552   61.9693800  -30.7296400  0.06242333  0.00015000
         341   59.9486600  -30.0386000  0.09918667  0.00016000
         382   62.0366610  -30.6364927  0.11669333  0.00024333
         765   62.2006549  -30.9765984  0.12393333  0.00039000
         614   59.3045500  -30.3050200  0.09560000  0.00013333
         238   60.5243144  -31.2118313  0.12662333  0.00038000
         824   59.4575300  -30.2175500  0.09634000  0.00013000
         314   62.3403002  -31.4555687  0.13220000  0.00021667
          36   62.0456700  -30.1385000  0.13528000  0.00038333
         825   60.3853422  -30.2347590  0.08841000  0.00020333
          70   62.5930754  -30.6940379  0.07793333  0.00013000
         430   62.1167800  -30.9038100  0.05977667  0.00013000
         455   60.3198655  -31.5241386  0.11830334  0.00015667
         105   60.1023400  -30.3431700  0.09557667  0.00023000
         620   60.3509529  -31.3252230  0.10458667  0.00021333
         142   61.7917527  -31.0306997  0.09966667  0.00021667
         576   61.7074900  -29.8401900  0.10714334  0.00018333
         219   61.0085751  -29.9534506  0.12024666  0.00038667
         854   60.5388797  -30.9689923  0.07392333  0.00029333
         383   61.9206428  -30.7752386  0.04695667  0.00026000
         826   59.4892347  -30.0119738  0.15120333  0.00043667
         197   59.8430034  -29.8773283  0.11439000  0.00018333
         551   61.1143346  -29.9773859  0.13533001  0.00018667
          73   62.0794500  -30.7918700  0.07030667  0.00024000
         163   60.1083225  -30.9306852  0.01901000  0.00011000
         225   59.3347571  -30.9737315  0.01857667  0.00017000
         188   59.6058010  -31.0474199  0.09361666  0.00014000
         206   60.4001105  -30.7189991  0.02026333  0.00008667
         329   60.5271063  -29.8857120  0.15621667  0.00024333
         132   61.3736800  -30.3025500  0.05902333  0.00005000
          26   59.8989126  -30.2537442  0.16040333  0.00020333
         304   62.8556245  -30.4730653  0.10462666  0.00024667
         846   60.1333497  -31.6731932  0.08353333  0.00017333
         221   60.1396100  -30.2353600  0.13115667  0.00017000
         331   62.3078996  -30.7411009  0.06417666  0.00024667
         625   59.4105435  -30.5473361  0.07198000  0.00027333
         224   62.4122458  -30.9663344  0.09060000  0.00017333
         174   59.8698996  -30.5617351  0.10636666  0.00017333
         611   61.2967800  -30.1508000  0.05882667  0.00013000
         585   61.3630200  -29.8642500  0.05910667  0.00010000
         201   62.9315445  -29.9532101  0.09073333  0.00039000
         499   59.8274600  -30.4358000  0.18234333  0.00023667
         592   59.7875851  -30.7763265  0.10255667  0.00032000
          74   60.0908024  -29.7190231  0.23568000  0.00024333
         208   59.4440500  -30.5040700  0.16606000  0.00016000
         136   62.2379100  -30.7001400  0.05759000  0.00021000
         180   60.1035700  -29.9639200  0.09767666  0.00010333
         609   59.7002600  -30.1353400  0.09424333  0.00011000
         335   61.7585700  -30.9600600  0.05843333  0.00012000
         475   59.4916309  -31.2336107  0.12346666  0.00021667
         204   61.7700831  -30.0792090  0.09529000  0.00015667
         523   62.0359740  -31.6792669  0.08310000  0.00017333
         542   60.0482823  -29.9871550  0.16347000  0.00019000
         258   61.5236728  -31.6487988  0.11936667  0.00026000
         297   61.8213777  -30.0135214  0.09678000  0.00024667
         439   61.9958900  -30.7957500  0.13327667  0.00015000
         267   61.0979026  -31.5870771  0.15687333  0.00032000
          23   59.7290300  -30.5823900  0.09612333  0.00012000
         723   59.8077388  -30.7483056  0.03066000  0.00022000
         198   59.8175700  -30.0727500  0.09771334  0.00012667
         407   61.3386300  -30.3193700  0.05875000  0.00006667
         116   62.3680100  -30.4649800  0.06091667  0.00011667
         344   62.8493415  -30.8763827  0.11089333  0.00028667
          31   60.2906445  -30.4547380  0.03059667  0.00021333
         371   62.3220096  -31.4892288  0.06827667  0.00025667
         615   60.9543007  -30.4754677  0.13863666  0.00052333
         443   62.0888056  -31.3170566  0.04400333  0.00012000
         370   60.5412634  -30.4714171  0.10202000  0.00025667
         837   62.2677819  -30.2556162  0.06038000  0.00028333
          50   60.5944957  -30.7561831  0.11280000  0.00013000
         397   59.7803200  -30.0599500  0.10015000  0.00016000
         276   62.1674901  -30.5593976  0.14713334  0.00039333
          11   60.6683739  -31.1546061  0.15447000  0.00032667
         223   61.2960900  -30.2345200  0.05894000  0.00010000
         251   60.7563419  -30.3649529  0.10490333  0.00020000
         488   61.8246625  -29.8644665  0.07218000  0.00018667
         503   60.6403141  -31.4272201  0.06055667  0.00011667
         539   62.2958128  -31.0899715  0.24554333  0.00046667
         690   60.4834528  -29.7028983  0.06776667  0.00013000
         460   62.0555500  -30.3762300  0.12000667  0.00021333
         171   60.7417700  -30.6660600  0.06391333  0.00023000
         528   61.9164692  -30.8860328  0.21146999  0.00032667
         288   60.8085412  -30.1334716  0.17186667  0.00039000
         533   62.3676026  -29.7409594  0.07633334  0.00021667
         138   62.6805647  -31.3674694  0.13893667  0.00020667
         652   60.7547295  -31.5825850  0.10925333  0.00032667
         500   62.7556263  -30.0619964  0.01804000  0.00019000
         242   62.0507200  -31.2044500  0.05888000  0.00012333
         561   59.4651541  -30.6207803  0.03141667  0.00013333
         158   59.5530600  -30.2455900  0.09751666  0.00010000
         727   60.1921075  -30.5766660  0.11590333  0.00026000
         636   61.1404900  -30.4523600  0.06979000  0.00032667
          47   60.4055008  -30.7768132  0.08226667  0.00013000
         644   60.4430804  -29.8207047  0.07666667  0.00021667
         424   61.3329100  -30.8675700  0.05927667  0.00012333
          59   61.8472798  -31.3088136  0.07738333  0.00014000
         512   59.6691876  -30.3389402  0.12364000  0.00023333
         508   62.3702946  -30.1822708  0.06660000  0.00016333
         594   60.4736259  -30.4577775  0.07442000  0.00020000
         686   59.5490983  -31.3871268  0.19116667  0.00043333
         232   59.3421320  -31.1664851  0.09512000  0.00020000
         798   60.0591523  -31.4198861  0.03806667  0.00008667
         408   59.2293514  -30.6745734  0.24581000  0.00016333
         666   61.9825500  -30.8268700  0.06986000  0.00013000
         152   61.3672600  -30.0056800  0.06004333  0.00018667
         173   59.6522100  -30.1634400  0.15189999  0.00003000
         730   62.3012769  -30.3551588  0.13630000  0.00021667
         840   60.3007856  -31.0207827  0.05787667  0.00014333
         345   61.3332700  -30.5295200  0.06058666  0.00007333
         493   59.5651400  -30.2659400  0.09554667  0.00017333
         756   60.5223694  -30.4497123  0.10163333  0.00034667
         497   60.6314269  -31.4777694  0.09595667  0.00020000
         312   62.0337497  -31.3435389  0.10561000  0.00030333
         101   59.4960347  -30.4267703  0.12400000  0.00086667
         230   62.1545900  -30.6604100  0.06215667  0.00018667
         789   60.2549325  -31.2293815  0.09956000  0.00024333
         481   60.8186263  -30.3169257  0.10097333  0.00025667
         701   59.2896034  -29.7343292  0.20730001  0.00034667
         662   62.5434825  -31.3044866  0.05993333  0.00026000
          16   61.9645493  -30.7614469  0.13760333  0.00031333
         347   60.1156900  -30.1686300  0.12947667  0.00032000
         682   62.9015058  -30.1259877  0.10851666  0.00027333
         252   61.8892856  -31.5284173  0.15945333  0.00019000
         289   62.3371400  -30.8476000  0.07096333  0.00089667
         483   61.2156028  -30.6597775  0.11516333  0.00014000
         773   60.6352462  -31.0813680  0.09508333  0.00021333
         545   61.4442400  -30.3567600  0.05931666  0.00007333
         635   59.6576900  -29.7769900  0.09825000  0.00024000
         838   59.9157662  -29.9827135  0.16683666  0.00021333
          15   59.2055585  -30.0147444  0.10983333  0.00020667
         427   60.3545403  -31.4232598  0.03356333  0.00009000
         521   62.1079700  -31.0033700  0.05661000  0.00015333
         776   60.3709181  -30.3749064  0.24428667  0.00039333
         326   62.2760759  -31.5411244  0.09650000  0.00021667
         663   60.2880136  -31.1605747  0.04920000  0.00017333
         146   62.0904179  -31.5176397  0.10479333  0.00024333
         624   61.4568096  -31.0077679  0.08405667  0.00007000
         469   60.6590165  -29.8520113  0.09422000  0.00019333
          12   60.5979514  -29.8804670  0.07878666  0.00020667
         222   60.9543402  -30.7158221  0.16882333  0.00038000
          52   60.9088165  -31.0617166  0.13123333  0.00026000
         301   61.9965288  -30.1268417  0.10670000  0.00034667
          44   59.5215080  -30.7305461  0.10433333  0.00017333
         418   60.0552045  -31.6234631  0.05658667  0.00011000
         348   62.2764372  -30.7569977  0.06348000  0.00013000
         474   60.6123543  -30.6229904  0.19797000  0.00020333
          75   59.8405237  -30.7735894  0.06137667  0.00029000
          28   61.6575800  -29.8939500  0.07525000  0.00027000
         298   59.6585900  -29.8699400  0.16541667  0.00015333
         785   62.0166700  -31.0586600  0.06269000  0.00018333
         675   61.9816900  -30.6801900  0.06136333  0.00010000
         743   60.6014587  -29.8878143  0.12362666  0.00020667
         800   61.5400633  -30.5779709  0.09101333  0.00021333
         363   61.4866900  -30.0115800  0.12152000  0.00009000
         185   62.8542565  -30.2959283  0.13760333  0.00022667
          49   59.9963000  -30.4301900  0.16785334  0.00016333
         248   62.0586300  -31.5135500  0.05705334  0.00021333
         718   59.4571332  -31.5371289  0.12149667  0.00025667
         848   60.9148914  -30.5038432  0.14496000  0.00023333
         307   62.4365598  -30.1171700  0.08605000  0.00070667
         361   59.3599900  -29.8522400  0.06017333  0.00013667
         270   60.0314814  -30.2039522  0.11896667  0.00027667
         531   60.0470000  -29.9088700  0.18455334  0.00019000
         450   59.4785500  -30.2591900  0.09849667  0.00032000
         264   61.4921400  -30.9958400  0.16624001  0.00019667
         788   60.2228335  -31.6393134  0.10895333  0.00017333
          93   62.8679511  -31.3820275  0.07360000  0.00017333
         284   61.3207889  -30.0428894  0.09706000  0.00023333
         616   61.5330592  -30.4092294  0.05788000  0.00018333
          39   62.9193524  -30.1197781  0.16680001  0.00013000
         677   60.7581526  -31.5335672  0.17126666  0.00020000
         679   61.6202161  -29.7233757  0.06153000  0.00020000
         651   59.4728087  -30.8065877  0.06615333  0.00017333
         286   59.7307898  -30.9438414  0.14011334  0.00020333
          85   62.3033600  -30.7333900  0.18301000  0.00027333
         310   60.4884505  -30.1289337  0.20187333  0.00022000
         214   60.4818704  -29.7757043  0.12475333  0.00030333
         274   61.5185000  -30.4083600  0.05933000  0.00016000
         671   60.3916963  -30.4526534  0.19938999  0.00030667
         431   62.0079100  -30.9916500  0.05381666  0.00018000
          13   62.0200981  -31.1703618  0.05348000  0.00012667
         643   62.0613000  -31.0578300  0.06242000  0.00014667
         384   61.2402200  -30.1150300  0.05897333  0.00016333
         216   62.0310662  -31.1951345  0.12940666  0.00032667
         778   60.1543150  -30.7107743  0.12083000  0.00034333
         802   61.0465984  -30.0934715  0.05264333  0.00011000
         144   59.9014100  -30.2722100  0.14564666  0.00020333
         509   59.6265800  -29.8862800  0.09651333  0.00024000
         642   59.7434800  -30.2862700  0.09307667  0.00032000
         647   61.1390887  -31.1382386  0.09942333  0.00035667
          92   60.5946411  -29.6960291  0.03183000  0.00022667
         421   61.2320092  -31.2468481  0.12119666  0.00022000
         588   62.8320088  -31.4603009  0.08743333  0.00013000
         306   60.2202636  -30.5143309  0.07081667  0.00020000
          22   61.7912800  -30.7557500  0.10945000  0.00015000
         477   59.7352188  -30.1789664  0.14192000  0.00027000
         444   61.2288800  -30.2731200  0.12958001  0.00010000
         358   60.4297645  -29.7782184  0.03176333  0.00026333
         287   61.6016717  -31.4583788  0.20866667  0.00030333
         309   60.9407000  -30.3096500  0.05961000  0.00007333
         159   61.5442233  -30.3870515  0.08563667  0.00015333
         517   60.8372864  -30.9744167  0.07087334  0.00013333
         548   61.4895146  -31.2214124  0.06660000  0.00017333
         177   62.0525500  -30.7921600  0.05943333  0.00027333
         129   59.2611323  -30.6830902  0.10230333  0.00013333
         169   62.2913400  -30.6615800  0.05979666  0.00027000
         715   60.9496133  -31.5754038  0.04074667  0.00035000
          18   60.2112235  -29.7441864  0.09428333  0.00027667
         389   61.1580850  -30.1613441  0.12903000  0.00023333
          95   59.4629855  -30.1688476  0.26354334  0.00036333
         203   59.7164740  -31.3754286  0.16458000  0.00019333
         339   61.0251278  -30.9947711  0.07470000  0.00030333
         385   59.5896215  -29.7803070  0.11310667  0.00017000
          35   62.5387920  -29.9267967  0.05138334  0.00018333
         738   62.7944405  -31.2039450  0.11458000  0.00025667
         447   62.2073213  -30.1170288  0.15763333  0.00025000
         182   59.2036088  -31.0631867  0.11508667  0.00018333
         794   61.9890928  -30.7186278  0.09532000  0.00027333
         507   62.8831971  -31.2592920  0.14955333  0.00031667
         604   62.4259795  -29.7416702  0.09927333  0.00015667
         143   62.9243600  -31.4117300  0.18615334  0.00023667
         259   61.5947200  -30.8088800  0.13992999  0.00015667
         378   61.8221178  -30.4010852  0.10537000  0.00014333
         324   61.8645900  -31.3330900  0.07028667  0.00004000
         850   59.8580235  -31.5334404  0.02217000  0.00028333
         451   61.5491755  -30.7379824  0.10217000  0.00027333
         255   61.8701900  -30.6669300  0.13782001  0.00020000
         209   59.2274113  -31.5372496  0.11683334  0.00021667
         759   62.2631700  -30.8806700  0.06123667  0.00015000
         299   62.6187708  -30.6484388  0.09489000  0.00030667
         467   61.4505000  -30.3026000  0.16811000  0.00009667
         541   59.9125400  -30.3056700  0.09494333  0.00012000
         834   61.6899765  -30.9213101  0.05780000  0.00014667
         808   59.4488500  -30.3097900  0.16812333  0.00015667
         787   62.0538000  -30.9716700  0.05770333  0.00010333
         176   62.0885900  -30.7854400  0.05979666  0.00017667
          20   60.7337205  -31.4073048  0.04917333  0.00026333
         537   59.3910618  -30.9745407  0.06068333  0.00024667
         668   61.0474925  -30.9132254  0.07660333  0.00024333
         603   61.1486700  -30.0591400  0.05721333  0.00012333
         656   62.8596566  -29.7873958  0.17221667  0.00018667
         104   60.9653190  -31.0697740  0.14383334  0.00019333
         707   61.4421199  -31.0367194  0.10799000  0.00028333
         637   60.1260900  -30.1161600  0.09693667  0.00010333
         406   60.3836331  -30.2710736  0.05237667  0.00020333
         629   59.7235800  -30.2354100  0.09682667  0.00007333
         186   61.9789500  -30.8137000  0.07127333  0.00009333
         291   62.7881400  -30.8350900  0.07095333  0.00028000
         572   62.6257197  -30.7631412  0.11837666  0.00014667
         758   62.8743762  -29.9630885  0.06927000  0.00021667
         568   61.9150700  -31.3089500 -0.00467333  0.00086667
         489   59.7850576  -31.4447604  0.10273000  0.00025000
          10   61.1983831  -31.4819027  0.07583334  0.00019000
         767   59.9276551  -31.2226121  0.07652666  0.00013333
         820   60.4577447  -31.5856193  0.08087333  0.00011000
         172   61.4826828  -30.5372569  0.09573667  0.00013333
          38   62.1377100  -30.8104600  0.06247000  0.00009000
         200   59.7132500  -30.1570000  0.09412000  0.00013333
         313   62.6273912  -30.6950032  0.10177334  0.00013333
         812   60.3532611  -31.5772273  0.16688000  0.00027333
         569   62.4114300  -30.6733300  0.11014000  0.00019000
         755   62.8450358  -30.2911676  0.09851667  0.00014333
         293   62.5382091  -29.6806985  0.08756667  0.00039000
         805   60.1782489  -30.7400717  0.07211334  0.00011667
         228   60.8439985  -30.8258184  0.02725667  0.00018333
         562   62.2809648  -30.2429840  0.08813334  0.00022000
         355   59.2934400  -29.9453600  0.09354334  0.00012000
         456   60.1648853  -30.7324509  0.03024000  0.00010000
         215   60.8073900  -30.4602000  0.06046667  0.00011667
         704   62.3925526  -30.4188991  0.12753333  0.00035000
         695   62.6498838  -30.5107231  0.21518667  0.00036667
         338   61.1599100  -30.5526700  0.06417333  0.00020333
          91   60.2349682  -30.4094689  0.12733333  0.00026000
          66   59.8491078  -30.1372465  0.17018333  0.00029333
         577   61.5119139  -31.3181843  0.13172001  0.00020667
         739   61.1345630  -29.8267200  0.09038000  0.00011333
         218   59.8353100  -30.2029900  0.09723666  0.00017667
         140   59.6991604  -30.8059958  0.05626667  0.00026000
         325   62.0380200  -31.0277000  0.05999000  0.00011333
         717   59.6269500  -29.9190800  0.16721334  0.00010000
         316   61.3062446  -30.4749495  0.11033000  0.00026333
         321   59.4675689  -31.5230398  0.10888667  0.00027667
         317   60.9155832  -30.4599538  0.11975333  0.00020667
          29   62.6938241  -30.3234553  0.06210000  0.00017333
         336   61.1800400  -29.8901900  0.06018667  0.00029000
         505   62.8323605  -29.9433835  0.06219000  0.00021667
         145   62.9351393  -30.6772686  0.07326667  0.00017333
         233   60.1166417  -31.5316091  0.06606667  0.00034667
         195   62.1848624  -31.3442394  0.14433333  0.00020000
         733   62.7170877  -29.7362002  0.06301000  0.00013333
         211   60.6326724  -30.5699462  0.11218667  0.00021667
         429   62.2847930  -31.5181224  0.12876999  0.00021667
         672   59.3186900  -29.9832900  0.09786000  0.00062000
         761   60.9679842  -30.1558028  0.11957333  0.00014000
         485   59.7581792  -30.6495046  0.06428000  0.00009667
         554   61.6947162  -31.5809918  0.20503999  0.00023333
          56   59.8489423  -30.7131434  0.07330000  0.00017333
         831   59.3452800  -29.9155700  0.06332666  0.00006333
         487   62.8245576  -30.6983727  0.07626667  0.00026000
          55   62.4350100  -30.9475300  0.05826333  0.00021667
         816   61.7931432  -31.4382355  0.03313000  0.00021333
          19   60.1094765  -29.7366982  0.05590000  0.00013000
         154   59.3406770  -31.1596209  0.08933333  0.00014000
          64   59.6696843  -29.7399139  0.11132333  0.00018667
         667   59.6790413  -31.3111046  0.11348667  0.00020333
         600   62.0605500  -30.9912400  0.06022000  0.00008667
         282   59.7361035  -31.1980906  0.14162999  0.00023333
         792   61.1778910  -31.3653600  0.08750000  0.00017333
         367   60.3388834  -30.6435424  0.08234667  0.00029333
         438   62.1223700  -30.8882600  0.05874333  0.00015667
         130   59.5957699  -31.3494619  0.22266333  0.00030000
         843   59.2026133  -30.6074892  0.12491667  0.00025667
         246   62.2982900  -31.4296600  0.05742000  0.00042667
         692   61.1233898  -30.9983234  0.09860333  0.00061000
         506   59.3295640  -31.6165005  0.18102001  0.00032667
          43   59.7396493  -30.7046757  0.06192667  0.00011667
         131   61.4439000  -30.5324300  0.05968333  0.00006000
         121   60.3955699  -31.2306889  0.13686667  0.00039000
         618   60.1466000  -30.6622500  0.14365333  0.00014333
         327   59.6831227  -30.2343483  0.12100333  0.00014333
         375   61.7088992  -30.8689907  0.16215333  0.00030000
         771   62.5370339  -30.0094236  0.04780000  0.00011000
         135   60.1461100  -29.9751000  0.14896999  0.00014667
         102   59.5647198  -31.1353037  0.06890666  0.00013000
         449   61.7389046  -30.1374741  0.09193333  0.00017333
         379   59.4922602  -30.8191079  0.02093333  0.00026000
         777   62.4612762  -31.0793983  0.14222333  0.00027667
         731   60.9806416  -31.5908755  0.06347667  0.00015333
         234   62.5275045  -31.1436183  0.09295667  0.00022000
         757   62.6900787  -31.0712531  0.16078667  0.00030333
         649   62.1057589  -30.1706777  0.16587999  0.00027000
         661   61.0093302  -31.3481643  0.07181000  0.00014667
         100   60.2778119  -30.1912370  0.14784333  0.00033667
         459   61.4597948  -29.8838287  0.13695666  0.00026000
         170   62.5144213  -30.7760412  0.05279000  0.00061667
         179   61.8554697  -30.6432066  0.14390001  0.00027667
         273   60.6683479  -29.9928302  0.02443000  0.00008667
         628   62.4947485  -31.2634754  0.09049667  0.00020000
         162   61.4758689  -29.7392604  0.09068333  0.00013000
         613   62.9323857  -30.7719595  0.14590000  0.00021667
         740   61.9206121  -31.3015672  0.08542334  0.00017667
           8   61.7886293  -31.6038265  0.06093333  0.00021667
         435   62.0686800  -30.6758600  0.06182333  0.00014333
         337   61.2404900  -30.5426300  0.06113000  0.00010333
         650   61.6665700  -31.3410700  0.07444666  0.00019000
         226   60.8635900  -30.7107800  0.06034667  0.00005333
           3   60.5499672  -30.4192298  0.10853000  0.00018333
         263   62.0243900  -30.3197400  0.06025000  0.00013333
         806   62.4016990  -30.2706163  0.10913333  0.00029000
         832   59.5226026  -29.9548345  0.03616333  0.00021333
          14   61.3099970  -31.1661665  0.12700000  0.00026000
         524   61.3722139  -30.3142127  0.09958667  0.00014333
         559   59.9322791  -29.8363082  0.13797000  0.00025667
         417   61.2050357  -30.5749063  0.10743333  0.00021667
         178   62.4910975  -31.2127761  0.06028333  0.00014667
         458   61.2459000  -30.2145500  0.05944333  0.00007333
         584   60.7662020  -30.1111427  0.24439667  0.00021667
         413   60.9818300  -30.5591900  0.18727334  0.00011667
          27   59.8141300  -30.2847900  0.10045333  0.00017333
         700   60.6699280  -30.3060903  0.05355000  0.00013333
         567   61.4646626  -30.8388767  0.15369999  0.00021667
         153   61.4379601  -30.1168435  0.13330001  0.00021667
         160   62.8789899  -30.7201845  0.13501666  0.00016333
         781   62.0558300  -30.7222200  0.20576666  0.00031333
         391   61.6670600  -30.8640800  0.06066334  0.00010333
         236   59.8662900  -30.2516500  0.09762333  0.00012000
         688   61.6625389  -31.1306859  0.09553000  0.00015667
         653   60.0772000  -30.0944500  0.09578667  0.00023333
         750   62.3414057  -31.5935959  0.02603000  0.00017667
         275   59.2405371  -31.5046150  0.07260333  0.00019333
         814   59.5966151  -29.8034802  0.09449000  0.00020000
          84   61.4495359  -31.1185341  0.10776667  0.00030333
         271   62.8228888  -31.3237373  0.11662000  0.00024333
         464   62.5212477  -30.8828461  0.10590000  0.00019333
         108   60.4556489  -31.0867246  0.13416333  0.00026333
         687   62.3053661  -30.6864942  0.05147333  0.00029333
         262   62.0510116  -30.4478240  0.07072667  0.00024333
         161   62.1904000  -30.8015800  0.06152667  0.00023333
           9   60.4451221  -30.2635156  0.06490333  0.00021667
         315   61.3702629  -30.9018784  0.11629333  0.00023333
         364   59.6504367  -30.2245940  0.12403333  0.00021667
         708   61.0282654  -30.3845754  0.10217000  0.00027333
         673   61.9426353  -30.9759220  0.09573000  0.00029000
         728   60.1128634  -29.8429573  0.04430667  0.00010333
         809   61.0490926  -30.2414065  0.10787667  0.00015667
         473   62.2589789  -30.9064150  0.09851667  0.00014333
         732   61.2769258  -31.0829917  0.11774334  0.00017000
          67   60.8304200  -30.7355800  0.06063333  0.00008333
         571   59.7801100  -30.2537600  0.10074333  0.00022667
         127   59.6312100  -30.0575200  0.09634667  0.00005000
         626   62.9074453  -29.8164806  0.06419667  0.00016333
         476   60.6963732  -30.7158384  0.11979666  0.00018333
         694   61.8526600  -31.3188400  0.07100666  0.00017333
         815   60.9331814  -30.4282096  0.05903333  0.00017333
         555   62.0704800  -30.9369200  0.05732667  0.00015333
         540   62.4312168  -31.0647221  0.12785667  0.00026333
         602   61.9670000  -30.6782800  0.06164667  0.00014333
         365   59.6882787  -31.6056958  0.06843334  0.00013000
         412   61.7153600  -30.1240400  0.09772667  0.00030000
         685   61.3840689  -30.1935604  0.10224666  0.00014667
         433   59.9722135  -30.0736930  0.05968667  0.00011667
         394   59.6322037  -30.3508559  0.12564667  0.00037333
         566   59.6277800  -30.5419600  0.16955334  0.00018000
         851   59.3861633  -31.5123916  0.16739000  0.00027667
         402   62.2772923  -30.1844357  0.07630000  0.00014000
         349   59.5475652  -31.4996024  0.20179000  0.00024000
         791   62.1511551  -29.6827319  0.06496666  0.00015333
         346   59.8624605  -30.3439040  0.07037666  0.00011000
         239   60.8049555  -31.3287850  0.11715667  0.00043333
         530   59.6779763  -31.1735456  0.08386666  0.00013000
         247   62.3417200  -31.1480600  0.02464000  0.00006333
         330   60.9848000  -30.0907500  0.06111334  0.00006000
         513   59.7935730  -31.1490090  0.09016000  0.00013333
         658   62.6629242  -30.7810315  0.02880667  0.00019333
         305   61.9889919  -31.5513073  0.09894667  0.00030333
         779   59.4431027  -30.3537819  0.13673334  0.00017333
         495   60.4532282  -30.5720492  0.06347667  0.00015333
         141   61.1886973  -31.1037721  0.08610000  0.00021667
         319   60.2044063  -30.2458911  0.05371667  0.00008333
         229   62.4057287  -30.6718619  0.06213333  0.00019333
         308   60.4671133  -30.2861059  0.13624667  0.00028333
         352   59.2379449  -31.2902191  0.06912667  0.00019000
         334   62.2381034  -30.0203260  0.06240333  0.00020000
         519   60.5531113  -30.7578330  0.11239666  0.00030667
          86   62.5811121  -30.9344795  0.05653333  0.00017333
         372   60.6894650  -30.4998119  0.16356666  0.00014000
         703   61.3245226  -30.6237016  0.02460000  0.00013000
         269   59.9806200  -30.4070700  0.15343334  0.00011333
          82   60.8423407  -30.6482917  0.10015666  0.00025667
         409   59.9490116  -30.7565311  0.17701000  0.00030000
         839   61.1700000  -30.0827600  0.06073000  0.00011333
         819   61.0742400  -30.7871700  0.10115000  0.00009000
         241   61.6871151  -31.3852461  0.07541667  0.00015667
         415   62.5750765  -29.6998180  0.06929000  0.00035667
         390   62.6509549  -31.2018740  0.11262666  0.00024667
         165   62.8787500  -31.6720100  0.07640333  0.00024667
         709   61.6683700  -31.0327600  0.07024000  0.00027333
         428   61.3270505  -30.7447148  0.07753333  0.00015667
         193   62.4770600  -31.5794000  0.13631333  0.00021333
         452   59.3838757  -31.2071769  0.03013333  0.00017333
         157   60.4506681  -31.6881150  0.09920666  0.00023000
         645   62.8551500  -30.7258900  0.12467667  0.00053000
         250   62.2863400  -31.1381500  0.07032000  0.00022667
         597   62.0467100  -31.0110000  0.06241667  0.00014667
         457   59.5191625  -30.2017166  0.12287667  0.00022000
         440   61.6922680  -30.2237804  0.06664333  0.00014333
         404   61.2980700  -30.3266400  0.05853667  0.00021333
         283   61.9464421  -31.2932025  0.11763000  0.00019333
         386   61.6672100  -30.9363300  0.06584334  0.00021333
         168   62.0049200  -30.7174700  0.05775667  0.00014667
         841   61.2484755  -30.5931362  0.16377333  0.00030667
         470   62.6827161  -30.1788027  0.01857667  0.00017000
         817   62.0063830  -31.3110153  0.06186333  0.00013000
         491   62.7094766  -30.2362388  0.11313666  0.00017000
         725   60.5295456  -30.9927188  0.08770000  0.00021667
         821   61.5279100  -30.6525700  0.12139000  0.00037333
         621   60.9448898  -31.3056740  0.15069333  0.00041667
         632   61.7073406  -29.7286458  0.10365666  0.00020333
         583   62.0091100  -30.9781000  0.06085333  0.00017333
         134   61.7190321  -30.3390668  0.10556334  0.00026333
         416   61.2437200  -29.9031500  0.14955667  0.00017667
         302   59.7598900  -30.2063100  0.09927667  0.00009667
          99   61.1189626  -29.9457453  0.10451667  0.00020000
          65   62.0091200  -30.5855900  0.31007335  0.00033667
         445   61.0741835  -30.8197728  0.20969333  0.00030000
         623   60.3045688  -30.0319384  0.09726667  0.00013000
          89   59.7443800  -30.1764700  0.09396667  0.00062000
         472   59.7670332  -30.2559318  0.09164666  0.00014333
         693   61.0945650  -30.4441475  0.07268666  0.00016333
         522   59.2230189  -30.0475076  0.10619666  0.00033667
         705   61.8972000  -30.6462500  0.05891333  0.00017667
         328   61.0524800  -29.9908200  0.12186667  0.00015667
         536   61.9351602  -30.3599314  0.12622666  0.00024000
          78   59.3621148  -29.7146048  0.11060000  0.00021667
          32   61.4442400  -30.9494400  0.06556000  0.00030000
         296   60.1282900  -29.9561900  0.09752333  0.00010667
         660   62.5389001  -31.2419850  0.05543333  0.00009667
         631   60.7850536  -30.3310914  0.13432333  0.00025000
         322   62.6873397  -30.7275698  0.12267000  0.00017000
         734   60.6352819  -31.2594728  0.06264333  0.00028667
         340   60.8063267  -31.0997679  0.11338333  0.00021333
         123   59.9301500  -30.2086900  0.10045333  0.00054333
         261   60.4147770  -30.2045017  0.12591334  0.00038000
         610   60.0121963  -30.2932726  0.07851333  0.00020333
         414   62.8108913  -30.8496261  0.09856334  0.00016333
         553   62.7077600  -30.4893600  0.10720000  0.00015667
         580   59.6993800  -29.8979700  0.16747333  0.00026333
          33   61.5019549  -31.6816802  0.11810000  0.00052000
         126   61.8510160  -30.1708937  0.05445333  0.00027333
         768   59.5435399  -30.9511996  0.11686666  0.00021667
         164   59.5961275  -31.1795409  0.11754000  0.00021333
         591   61.9719100  -30.9828400  0.05528667  0.00027667
         111   61.9066100  -31.2891000  0.05960333  0.00021667
           6   62.1056000  -31.1137700  0.05855000  0.00013000
         468   61.3808538  -29.9727033  0.17678334  0.00021333
         290   62.7297379  -31.4915495  0.07666667  0.00021667
         205   60.0059900  -30.5046900  0.14478000  0.00094000
         207   60.7315525  -30.8728360  0.11218000  0.00022667
         151   61.7299279  -30.0965374  0.07881334  0.00014000
         419   61.3986800  -30.0035400  0.10493334  0.00037667
         803   60.8759918  -30.3503535  0.04975667  0.00011667
         280   61.5613600  -30.2331500  0.16197000  0.00010000
         684   61.4966797  -30.3284863  0.09716333  0.00018333
         525   61.8075823  -31.5012368  0.10086000  0.00025667
         706   61.9197700  -30.5005800  0.05908000  0.00019667
         199   61.7215893  -31.1935271  0.13396667  0.00034667
          25   61.0953422  -31.4287150  0.07235666  0.00014667
         471   62.4402894  -31.4035330  0.13840000  0.00017333
         680   61.3157500  -30.0213800  0.07113333  0.00013000
         484   62.2375525  -30.4657020  0.11980000  0.00023000
         720   61.9875100  -30.7602600  0.03013000  0.00021667
         804   61.2771600  -30.2993000  0.05847667  0.00021667
         836   59.4056266  -31.3752272  0.14383334  0.00026000
         128   60.6294783  -30.4428006  0.11878333  0.00024667
         191   62.4782977  -31.1307622  0.04174667  0.00016333
         356   62.5281852  -30.6322736  0.09210000  0.00026000
         461   59.9547700  -29.6961500  0.06849000  0.00005333
         192   59.6521800  -30.2426400  0.09968667  0.00022000
         354   60.1860913  -30.8105350  0.15430000  0.00021667
         117   62.1916725  -31.4493822  0.08465333  0.00017000
          98   59.8731689  -30.7090158  0.09663333  0.00019333
         281   61.0173644  -29.7851581  0.01917000  0.00015667
         770   62.1359100  -30.8224800  0.05995000  0.00014000
         714   62.4997600  -30.9314200  0.06125000  0.00012333
         244   59.2783373  -29.9919988  0.08453666  0.00012667
         599   59.2021600  -30.3911200  0.09553666  0.00012000
         617   59.8409852  -31.1402884  0.16186666  0.00017333
         480   61.1706500  -30.6979900  0.10207000  0.00036000
         103   59.9628700  -29.9286600  0.15518001  0.00016000
         243   62.0788112  -30.8337144  0.06868666  0.00025000
         622   59.3420048  -29.8529882  0.03820667  0.00010333
          42   59.7530218  -29.7822717  0.05810000  0.00018667
         587   60.9800800  -29.8724500  0.06077000  0.00007667
         746   62.6899545  -30.4113095  0.08920000  0.00013000
         359   61.9717500  -31.1086000  0.06139667  0.00032333
         148   59.9352267  -30.8031588  0.02930333  0.00010000
         501   62.0895100  -31.4198900  0.03589333  0.00012000
         260   59.9888700  -30.0414900  0.10280000  0.00073667
         683   62.8921033  -30.8216925  0.12168667  0.00022667
         578   62.0945016  -30.9493802  0.09893333  0.00033667
         190   59.8966434  -30.5605497  0.09890000  0.00021667
         294   59.9308100  -30.4518700  0.16724333  0.00011667
         630   59.9474401  -29.8231202  0.14590333  0.00017333
         167   62.5428826  -30.4263116  0.19677000  0.00030333
         119   59.8182100  -29.8315000  0.05983000  0.00010667
         426   60.1439000  -30.3225900  0.06195000  0.00026667
          45   59.9111100  -30.0943000  0.09580334  0.00013333
         107   59.3340598  -30.2431365  0.06297334  0.00028667
         360   60.7462211  -30.7438290  0.06763333  0.00019000
         712   61.3301282  -31.4554670  0.02972667  0.00022000
           2   60.8310800  -30.5759200  0.14927667  0.00012667
         796   59.7983000  -30.1105300  0.10016333  0.00014000
         366   59.6028700  -29.8126000  0.12384333  0.00011000
         784   62.9236200  -31.5361700  0.24861667  0.00031667
          96   62.2370415  -30.8805586  0.13666333  0.00029333
         612   60.2424337  -31.4548080  0.10140333  0.00014667
         395   60.5883515  -31.0577370  0.14139000  0.00027667
         343   60.5917906  -30.9992744  0.08230333  0.00027333
         691   59.7584683  -31.2399437  0.02164667  0.00014000
         253   59.7965372  -29.8631559  0.09976666  0.00030667
          97   62.8283518  -30.6125362  0.16140001  0.00030333
         699   62.7516383  -30.8353956  0.02433333  0.00014000
         535   61.2378217  -29.8334350  0.05458667  0.00014333
         547   61.4867500  -30.1850000  0.06118333  0.00008333
         510   60.1453000  -30.1038500  0.09504667  0.00013333
         573   60.3191593  -30.7924500  0.12729999  0.00019000
          77   61.8796364  -31.6615485  0.11901333  0.00015667
          58   60.1608500  -29.8314100  0.06284000  0.00057667
         596   59.6002875  -31.3197627  0.08543333  0.00026000
         722   61.4697677  -29.9653364  0.02362333  0.00021333
         766   59.3399401  -31.3311980  0.05045667  0.00011667
         432   61.7612962  -30.4639859  0.12390666  0.00019333
         702   60.1255787  -31.1727770  0.05087000  0.00016333
         511   60.9729400  -30.7629900  0.15237333  0.00013333
         763   62.2269336  -30.1063057  0.04020000  0.00016000
          72   60.0824900  -30.2128300  0.09833000  0.00070667
         482   60.6374712  -30.1769669  0.07035667  0.00017333
         492   59.5925104  -30.2554332  0.08763333  0.00026333
         607   62.0350100  -31.0532900  0.06041333  0.00011000
         751   61.8825541  -30.4086971  0.08988000  0.00018333
         465   59.6603500  -30.3365900  0.14521334  0.00012667
         403   61.0206994  -29.9585569  0.17986667  0.00056333
         546   61.8918100  -31.4721000  0.07271333  0.00017667
         664   59.9845180  -30.6516614  0.07276667  0.00013333
         422   60.8024511  -31.0028618  0.07019667  0.00010333
         590   61.8701317  -29.8004392  0.12455000  0.00016000
         795   60.3341700  -29.7975500  0.06128667  0.00012333
         514   61.1888300  -31.0376600  0.14403333  0.00009667
         780   60.4661508  -29.8852708  0.06913333  0.00017333
         853   61.4886284  -31.3508539  0.06453333  0.00017333
          94   59.4985400  -30.3593000  0.06115333  0.00014667
         478   61.8577596  -30.3692955  0.12036667  0.00027000
         742   61.6925387  -31.6256500  0.15747666  0.00018667
         353   60.6795156  -31.6517852  0.10572000  0.00023000
          51   59.7956995  -30.2785956  0.07824667  0.00010333
         400   61.7764600  -30.6477300  0.05924333  0.00015667
         124   62.0069576  -29.9480660  0.10656667  0.00017333
         678   59.4335738  -31.5115341  0.07692000  0.00033000
         529   62.1495176  -29.7842440  0.09817000  0.00022667
         369   61.9154878  -29.9298160  0.10654000  0.00028667
         357   61.7582800  -31.0203700  0.07577334  0.00018000
         454   62.0376800  -30.8903600  0.06212667  0.00015000
         598   60.8546709  -31.4820261  0.08040334  0.00022000
         745   61.0032800  -30.2282500  0.05956334  0.00010667
         323   59.4766303  -29.8850528  0.10057667  0.00026333
         109   60.2715304  -30.7651873  0.16909334  0.00030667
         420   59.6686552  -30.0235508  0.05120333  0.00015667
         749   59.2024684  -30.1061287  0.03540333  0.00036333
         194   62.5497952  -30.9873060  0.08681000  0.00023000
          90   61.6249804  -30.9254643  0.17603999  0.00024000
         735   62.4549939  -30.8029667  0.17947000  0.00037667
         655   62.0387233  -30.2210648  0.06953000  0.00011333
         605   61.8188200  -30.4444000  0.06041333  0.00019333
         782   62.4522077  -31.0956475  0.07108667  0.00014667
         377   62.0279000  -31.0906500  0.06462000  0.00030667
         560   62.6824300  -31.0060100  0.10996000  0.00016333
         502   59.4627412  -31.4282903  0.15710667  0.00020000
         665   62.1714100  -30.7221900  0.05812333  0.00016000
         115   60.7311453  -31.1418831  0.09384000  0.00017667
          80   62.5991271  -30.7982437  0.11213333  0.00039000
         827   61.3434500  -30.3655800  0.05837000  0.00018667
         669   60.1401956  -30.2490930  0.08695666  0.00024000
         818   59.6172100  -30.1128200  0.15156667  0.00016333
         388   61.2054200  -30.5497300  0.06155667  0.00014000
         139   60.9829500  -30.0571600  0.16468000  0.00026333
         774   61.9009600  -30.8875400  0.13796000  0.00022333
          61   60.9517592  -31.2118191  0.15077333  0.00024667
         772   60.1228560  -31.6661225  0.05618666  0.00017000
         606   59.8873874  -30.1177888  0.11239000  0.00011667
         719   60.3359181  -29.9989460  0.08602000  0.00010000
         114   62.7614000  -30.5152600  0.05900666  0.00020000
          83   62.7079600  -30.4537200  0.06066334  0.00021333
         342   59.9678300  -29.9884300  0.10698666  0.00018667
         181   61.9740619  -31.6105500  0.04296667  0.00021667
         627   60.9627208  -30.3511590  0.23744000  0.00025667
         520   59.3998656  -30.3996969  0.11352000  0.00035000
         398   62.1379000  -31.0784900  0.02474333  0.00012000
         227   62.8408400  -31.3101300  0.10004000  0.00030667
         570   62.5871100  -30.4732600  0.01925000  0.00017000
         120   61.2448300  -30.5103600  0.05873333  0.00032000
         220   61.5392200  -31.1793800  0.07501000  0.00026000
         441   61.8227094  -30.5193508  0.14056666  0.00021667
         486   61.7961936  -29.9210358  0.06253333  0.00008667
         166   60.4225909  -30.4109123  0.10467333  0.00021333
         557   61.5266121  -30.9126726  0.06552666  0.00014000
           0   60.6577842  -31.0797240  0.18010667  0.00025667
         147   62.8521501  -30.2303069  0.06801000  0.00010333
         118   62.6998129  -29.9188913  0.08947334  0.00013333
         332   60.2172573  -30.6490436  0.07554334  0.00017333
         279   62.1744668  -31.2267731  0.05066667  0.00013000
         425   62.7925401  -31.2990363  0.17602667  0.00027333
         835   62.0180300  -30.8257000  0.01085000  0.00034667
         793   59.2672400  -30.5103300  0.10244333  0.00020000
         736   60.5435897  -30.0394129  0.03126667  0.00013000
         212   61.6423100  -29.8667700  0.11001000  0.00022000
         448   62.1170455  -31.4507793  0.18948001  0.00019333
         769   62.2948693  -31.5688520  0.08658667  0.00014000
         670   60.0747600  -30.3510800  0.09559666  0.00015000
         564   59.2814160  -30.3160407  0.02420000  0.00021667
          48   60.2066955  -31.3958825  0.04213667  0.00014667
         659   59.7291100  -30.1246500  0.09884000  0.00010667
         392   60.9364248  -31.0265787  0.07173666  0.00012667
         852   62.2770768  -30.8170847  0.17657000  0.00013333
         446   62.1687020  -29.7186460  0.03142000  0.00018333
         235   60.8231441  -31.4513495  0.15627000  0.00026000
         783   60.5678178  -31.6580189  0.04875000  0.00021667
           4   60.8089700  -29.8971200  0.05759333  0.00017667
         515   61.7712145  -31.2605754  0.03307333  0.00013000
         657   61.0628732  -31.4370874  0.10416666  0.00021667
         249   61.0143312  -29.9529742  0.10264666  0.00024333
         833   59.2837413  -29.8815864  0.17786333  0.00021333
         277   62.7191000  -30.4081600  0.06168333  0.00007333
         775   60.6334105  -30.0147464  0.10050000  0.00020667
          21   62.1385900  -30.7547700  0.06130667  0.00023000
         544   62.5665849  -30.8631855  0.05033667  0.00012000
         320   59.2477500  -30.2014500  0.09687667  0.00017667
         601   61.0323663  -30.5014533  0.20162000  0.00031667
         674   59.9374337  -31.6358245  0.05976667  0.00012000
         237   61.2908603  -30.9757902  0.16377333  0.00030667
         133   62.9157136  -29.9605804  0.03603333  0.00005667
         744   60.8290800  -30.1227300  0.09582333  0.00009333
          81   59.4521200  -30.6670900  0.07116000  0.00036000
          71   61.1783298  -30.6843475  0.06970333  0.00021667
         463   60.3890756  -31.4738650  0.08933333  0.00017333
          54   59.9718735  -31.2130301  0.03589000  0.00017333
          30   59.9066600  -29.7506200  0.16640666  0.00018333
         711   59.8320500  -30.2346400  0.09691000  0.00017667
         175   59.5119416  -30.4859620  0.13648666  0.00019000
         462   61.0110700  -31.0034900  0.10747667  0.00010667
         368   62.0742900  -31.1393500  0.13597333  0.00028333
         532   60.8078800  -30.1264700  0.05980333  0.00008667
         754   61.8822452  -31.0707852  0.14128333  0.00018333
         411   61.5783800  -30.4587200  0.06082333  0.00005333
         150   61.2446139  -29.8128995  0.06163333  0.00039000
         494   60.5258449  -29.6806417  0.08962000  0.00016000
         829   61.9163400  -30.7001900  0.05758667  0.00010667
         563   60.1614800  -30.0826400  0.09635667  0.00022333
         155   60.2909122  -31.6293434  0.16227667  0.00034667
         376   62.8493599  -29.6946447  0.08963333  0.00017333
          79   59.7618700  -30.1681000  0.09703000  0.00046333
         311   62.0505600  -30.7418500  0.10401000  0.00022000
         589   59.2927837  -31.1456407  0.04091333  0.00014000
         698   59.3228742  -30.0908828  0.08551667  0.00024000
          60   61.3165863  -31.3777556  0.12516667  0.00018667
         125   62.0718664  -30.8099854  0.06873333  0.00034667
         496   60.9166631  -30.8433735  0.06164000  0.00060667
         582   62.1159233  -31.3203432  0.03604000  0.00027333
           1   61.3125100  -30.1953400  0.05764000  0.00011667
         490   61.9692608  -31.1884783  0.10360000  0.00017333
         437   59.4446800  -30.2816300  0.09584667  0.00020000
         581   60.9594400  -29.9677600  0.09716333  0.00012000
         256   61.8676400  -31.0070300  0.05902667  0.00026000
         721   61.5153495  -30.7899342  0.11444333  0.00030000
         333   61.8214082  -29.9118558  0.11468333  0.00024333
          24   59.9084000  -29.9991500  0.09806333  0.00013667
         822   61.1147431  -30.2766784  0.07593333  0.00013000
         565   61.4483592  -30.0558169  0.11087000  0.00024000
          46   61.0209122  -31.5942798  0.13426666  0.00021667
         213   60.7383521  -30.8628809  0.25048333  0.00043667
         350   60.8647671  -31.5755410  0.21580666  0.00024333
         845   59.9714654  -30.9737309  0.12373333  0.00022000
         689   59.1858051  -30.6260220  0.06170000  0.00023000
         828   60.2520012  -30.6681772  0.12060000  0.00026000
         724   60.3103700  -30.5666900  0.10391000  0.00025000
          87   62.8159267  -30.5726648  0.15052333  0.00024000
         498   62.0607800  -31.0013800  0.05539333  0.00040333
         272   60.0484200  -30.6746400  0.09615666  0.00016333
         137   59.4911300  -30.2115200  0.09783667  0.00016000
         534   61.9006548  -29.8540134  0.12409000  0.00021333
         737   62.4410600  -31.2826800  0.05651667  0.00020000
         608   61.8971400  -31.0926500  0.19317333  0.00024667
         648   59.5576632  -31.1939415  0.10880000  0.00017333
         752   61.7146301  -30.4059888  0.05476333  0.00013000
         527   62.1762000  -30.8812200  0.06032333  0.00019333
         726   61.1817700  -30.1723100  0.05919667  0.00008333
         106   62.3680189  -30.6390907  0.11200000  0.00018333
          53   59.2692384  -29.9006594  0.07496667  0.00024000
         466   59.2377657  -30.9857551  0.04517333  0.00018333
         351   62.3957600  -30.4832900  0.06019667  0.00017667
          63   61.1351743  -31.4330246  0.12216666  0.00017333
         654   62.0620600  -31.0275200  0.06306333  0.00018333
          62   62.2796602  -31.0001365  0.03606000  0.00009667
         380   61.8001100  -30.9110100  0.05483667  0.00033000
         202   62.9035862  -30.1321846  0.16071001  0.00020333
          37   60.6230405  -31.3078134  0.05055333  0.00025000
         556   62.5764700  -30.3366700  0.17403001  0.00028000
         393   61.5815966  -31.1179999  0.14143333  0.00043333
          57   62.5999636  -31.2754541  0.09326667  0.00022000
         786   61.1311815  -30.0090378  0.07287333  0.00025000
         303   61.7268222  -30.8204978  0.07172666  0.00022000
         741   62.4665124  -30.4371221  0.09653334  0.00017333
         189   59.8925300  -30.1128200  0.09469000  0.00040000
         231   62.2517173  -30.6012711  0.08453666  0.00010333
          69   62.1241573  -30.2963934  0.03793667  0.00017667
         729   62.2251300  -31.0267800  0.05922667  0.00014000
         479   60.6297140  -30.4676141  0.05658333  0.00017000
         516   61.9959000  -30.3989200  0.13886666  0.00029000
         574   60.6356118  -30.5845484  0.04326333  0.00023000
          68   62.7524645  -30.2622577  0.08973333  0.00025667
         423   59.6002763  -31.5413078  0.14286999  0.00019000
         823   61.3237089  -31.1416157  0.11837000  0.00018333
         217   61.0710000  -30.9500500  0.15081333  0.00020000
         849   61.0136900  -29.9321000  0.05800667  0.00015333
         764   59.5067100  -30.5048900  0.18723333  0.00019333
         676   59.7868600  -30.3032000  0.09423000  0.00033000
         634   62.7513356  -31.1737938  0.15670334  0.00024000
         436   61.5608791  -31.2075774  0.07824667  0.00013000
         801   61.6050560  -30.8479339  0.16636333  0.00037667
         149   62.9254543  -31.2665842  0.23284334  0.00033333
         240   60.1663081  -30.2536977  0.16425000  0.00034333
         396   59.4057078  -31.4898890  0.08736667  0.00021667
         830   60.7914900  -30.1109900  0.06179667  0.00006667
         543   61.8942299  -31.3410591  0.10108667  0.00025667
         374   59.2503878  -30.3915032  0.06503333  0.00026000
         381   59.4731872  -29.7469503  0.09679000  0.00032667
         762   60.4466425  -30.2500285  0.11096667  0.00017333
         638   60.7729439  -30.4700492  0.05091667  0.00020667
         844   59.5996670  -30.7064142  0.06432334  0.00011667
          76   60.7319301  -30.3497928  0.10537333  0.00022000
         696   59.7556195  -29.8050045  0.07261334  0.00020333
         713   59.2238427  -31.5901919  0.04076333  0.00011000
         811   59.7806100  -30.1933200  0.09555667  0.00016000
         295   60.1895107  -31.6183154  0.02780333  0.00014333
         558   61.9438800  -30.6878700  0.05864333  0.00030333
         405   59.6882165  -31.1802749  0.06126333  0.00016000
         526   60.0306739  -30.2702144  0.06732000  0.00021333
         245   62.4578200  -30.9626400  0.06038333  0.00025333
         640   60.4094123  -30.6911564  0.10660667  0.00035667
         184   61.9404200  -30.9873500  0.05549667  0.00014667
         210   59.8376039  -30.2328110  0.10683667  0.00030667
         504   62.5577624  -31.6064190  0.07338667  0.00012000
         550   61.7975400  -31.2543700  0.05705334  0.00021667
         196   59.9477154  -30.5947086  0.09386333  0.00017000
         285   62.4984100  -30.6566442  0.05545000  0.00014000
         847   60.2462855  -30.6583211  0.06116667  0.00017333
         318   59.6336500  -30.2223600  0.09926000  0.00036667
         641   61.4056852  -30.4881904  0.01901333  0.00016000
         579   61.5840200  -30.5795900  0.06155333  0.00036667
         156   61.9644470  -31.0192709  0.16883333  0.00020000
         278   59.6427800  -29.8322900  0.17304334  0.00044667
          41   62.6944249  -30.4199046  0.17160666  0.00019333
         122   61.2742300  -30.2746800  0.05803667  0.00011333
         113   59.5996326  -30.7896168  0.09491666  0.00007333
         183   60.1774900  -29.8847800  0.09824000  0.00030333
         639   62.6792841  -31.3528816  0.05874667  0.00012667
         797   60.3079618  -30.7883989  0.12690000  0.00034333
           5   62.6452500  -30.4158100  0.06085333  0.00020000
          88   62.2941900  -30.0719500  0.13687000  0.00013000
          34   59.2253889  -29.9687494  0.09750000  0.00032667
         434   61.4293498  -31.0699017  0.07470000  0.00013000
         538   61.1466366  -30.5220343  0.10656667  0.00017333
         813   62.0871600  -30.8431800  0.05595000  0.00025333
         399   61.5082370  -30.3681737  0.05370333  0.00014000
         760   60.9886747  -30.5360387  0.11129000  0.00020000
         807   61.8965700  -31.5387500  0.14955001  0.00011333
           7   62.3994196  -30.7892002  0.13107666  0.00017667
         410   61.8164400  -31.2517500  0.05753333  0.00011000
         842   62.0568200  -30.9441300  0.05777333  0.00022333
         586   60.4529704  -31.5043165  0.09565000  0.00017667
         716   62.0096900  -31.1771800  0.10429667  0.00034667
         373   60.1631156  -30.1798537  0.06985667  0.00022667
         697   60.7006578  -30.3454677  0.09765667  0.00030667
         268   59.3921847  -31.4848474  0.05329333  0.00014000
         518   59.3900556  -30.2265292  0.10494000  0.00021333
         401   60.4809203  -30.6603984  0.12242000  0.00025000
         549   61.7675349  -30.1960680  0.06606667  0.00027667
         112   59.6110700  -30.2289400  0.09457333  0.00012667
          40   59.6939100  -30.3044000  0.10204667  0.00013333
